1: 2 3 4 5 6 7
2: 1 3 4 5 6 7
3: 1 2 4 5 6 7
4: 1 2 3 5 6 7
5: 1 2 3 4 6 7
6: 1 2 3 4 5 7
7: 1 2 3 4 5 6

1: 2 3 4
2: 1 3 4
3: 1 2 4
4: 1 2 3

1: 2 3 4
2: 1 5 6
3: 1 5 6
4: 1 5 6
5: 2 3 4
6: 2 3 4

1: 2 3 4 5
2: 1 3 4 6
3: 1 2 5 7
4: 1 2 6 8
5: 1 3 7 8
6: 2 4 7 8
7: 3 5 6 8
8: 4 5 6 7

1: 2 3 4 5 6 7
2: 1 3 4 5 6 8
3: 1 2 4 5 7 8
4: 1 2 3 6 7 8
5: 1 2 3 6 7 8
6: 1 2 4 5 7 8
7: 1 3 4 5 6 8
8: 2 3 4 5 6 7

1: 2 3 4 5
2: 1 3 4 6
3: 1 2 5 6
4: 1 2 5 6
5: 1 3 4 6
6: 2 3 4 5

1: 2 3 4 5 6
2: 1 3 4 5 6
3: 1 2 4 5 6
4: 1 2 3 5 6
5: 1 2 3 4 6
6: 1 2 3 4 5

1: 2 3 4 5
2: 1 3 7 8
3: 1 2 6 9
4: 1 6 7 8
5: 1 6 7 9
6: 3 4 5 8
7: 2 4 5 9
8: 2 4 6 9
9: 3 5 7 8

1: 2 3
2: 1 4
3: 1 5
4: 2 5
5: 3 4

1: 2 3 4 5 6 7
2: 1 3 4 5 8 9
3: 1 2 6 7 8 9
4: 1 2 6 7 8 9
5: 1 2 6 7 8 9
6: 1 3 4 5 8 9
7: 1 3 4 5 8 9
8: 2 3 4 5 6 7
9: 2 3 4 5 6 7

1: 2 3 4 5
2: 1 3 4 5
3: 1 2 4 5
4: 1 2 3 5
5: 1 2 3 4

1: 2 3
2: 1 7
3: 1 8
4: 5 6
5: 4 7
6: 4 8
7: 2 5
8: 3 6

1: 2 3
2: 1 9
3: 1 8
4: 5 6
5: 4 7
6: 4 8
7: 5 9
8: 3 6
9: 2 7

1: 2 3
2: 1 6
3: 1 7
4: 5 6
5: 4 7
6: 2 4
7: 3 5

1: 2 3 4 5
2: 1 6 7 8
3: 1 6 7 8
4: 1 6 7 8
5: 1 6 7 8
6: 2 3 4 5
7: 2 3 4 5
8: 2 3 4 5

1: 2 3 4
2: 1 5 7
3: 1 6 8
4: 1 7 8
5: 2 6 8
6: 3 5 7
7: 2 4 6
8: 3 4 5

1: 2 3
2: 1 5
3: 1 6
4: 5 6
5: 2 4
6: 3 4

1: 2 3
2: 1 4
3: 1 4
4: 2 3

1: 2 3 4 5
2: 1 3 4 6
3: 1 2 5 7
4: 1 2 6 7
5: 1 3 6 7
6: 2 4 5 7
7: 3 4 5 6

1: 2 3 4
2: 1 3 5
3: 1 2 6
4: 1 5 6
5: 2 4 6
6: 3 4 5

1: 2 3 4 5
2: 1 3 4 5
3: 1 2 6 7
4: 1 2 6 7
5: 1 2 6 7
6: 3 4 5 7
7: 3 4 5 6

1: 2 3 4
2: 1 12 14
3: 1 13 14
4: 1 10 11
5: 10 11 14
6: 7 8 9
7: 6 12 13
8: 6 12 13
9: 6 10 11
10: 4 5 9
11: 4 5 9
12: 2 7 8
13: 3 7 8
14: 2 3 5

1: 2 3 4
2: 1 10 11
3: 1 12 14
4: 1 9 13
5: 11 13 14
6: 9 11 12
7: 8 10 14
8: 7 12 13
9: 4 6 10
10: 2 7 9
11: 2 5 6
12: 3 6 8
13: 4 5 8
14: 3 5 7

1: 2 3 4
2: 1 12 14
3: 1 13 14
4: 1 10 11
5: 6 7 10
6: 5 8 11
7: 5 9 11
8: 6 12 13
9: 7 12 13
10: 4 5 14
11: 4 6 7
12: 2 8 9
13: 3 8 9
14: 2 3 10

1: 2 3 4
2: 1 9 10
3: 1 12 14
4: 1 11 13
5: 7 9 13
6: 8 10 14
7: 5 11 14
8: 6 12 13
9: 2 5 12
10: 2 6 11
11: 4 7 10
12: 3 8 9
13: 4 5 8
14: 3 6 7

1: 2 3 4
2: 1 6 7
3: 1 6 8
4: 1 7 8
5: 6 7 8
6: 2 3 5
7: 2 4 5
8: 3 4 5

1: 2 3 4 5
2: 1 3 7 11
3: 1 2 9 12
4: 1 5 8 12
5: 1 4 10 11
6: 7 8 9 10
7: 2 6 9 11
8: 4 6 10 12
9: 3 6 7 12
10: 5 6 8 11
11: 2 5 7 10
12: 3 4 8 9

1: 2 3 4
2: 1 10 12
3: 1 11 12
4: 1 8 9
5: 8 9 12
6: 8 10 11
7: 9 10 11
8: 4 5 6
9: 4 5 7
10: 2 6 7
11: 3 6 7
12: 2 3 5

1: 2 3 4
2: 1 10 12
3: 1 4 12
4: 1 3 11
5: 6 7 12
6: 5 7 10
7: 5 6 8
8: 7 9 11
9: 8 10 11
10: 2 6 9
11: 4 8 9
12: 2 3 5

1: 2 3 4
2: 1 9 10
3: 1 11 13
4: 1 12 14
5: 9 11 12
6: 9 13 14
7: 10 11 14
8: 10 12 13
9: 2 5 6
10: 2 7 8
11: 3 5 7
12: 4 5 8
13: 3 6 8
14: 4 6 7

1: 2 3 4 5 6
2: 1 3 4 8 9
3: 1 2 5 8 10
4: 1 2 6 9 11
5: 1 3 6 10 12
6: 1 4 5 11 12
7: 8 9 10 11 12
8: 2 3 7 9 10
9: 2 4 7 8 11
10: 3 5 7 8 12
11: 4 6 7 9 12
12: 5 6 7 10 11

1: 2 3 4
2: 1 11 12
3: 1 13 16
4: 1 14 15
5: 6 7 8
6: 5 11 14
7: 5 12 16
8: 5 13 15
9: 11 15 16
10: 12 13 14
11: 2 6 9
12: 2 7 10
13: 3 8 10
14: 4 6 10
15: 4 8 9
16: 3 7 9

1: 2 3 4 5 6 7
2: 1 3 4 8 9 10
3: 1 2 6 10 13 15
4: 1 2 7 9 14 16
5: 1 6 7 8 11 12
6: 1 3 5 12 13 14
7: 1 4 5 11 15 16
8: 2 5 9 10 11 12
9: 2 4 8 11 13 14
10: 2 3 8 12 15 16
11: 5 7 8 9 13 15
12: 5 6 8 10 14 16
13: 3 6 9 11 14 15
14: 4 6 9 12 13 16
15: 3 7 10 11 13 16
16: 4 7 10 12 14 15

1: 2 3 4 5
2: 1 11 12 15
3: 1 11 13 14
4: 1 12 14 16
5: 1 13 15 16
6: 10 11 12 14
7: 10 11 13 15
8: 10 12 15 16
9: 10 13 14 16
10: 6 7 8 9
11: 2 3 6 7
12: 2 4 6 8
13: 3 5 7 9
14: 3 4 6 9
15: 2 5 7 8
16: 4 5 8 9

1: 2 3 4
2: 1 9 10
3: 1 4 12
4: 1 3 11
5: 6 7 11
6: 5 8 12
7: 5 9 11
8: 6 10 12
9: 2 7 10
10: 2 8 9
11: 4 5 7
12: 3 6 8

1: 2 3 4 5
2: 1 3 6 7
3: 1 2 8 9
4: 1 5 6 8
5: 1 4 7 9
6: 2 4 7 8
7: 2 5 6 9
8: 3 4 6 9
9: 3 5 7 8

1: 2 3 4
2: 1 11 12
3: 1 10 12
4: 1 8 9
5: 6 10 12
6: 5 7 11
7: 6 8 9
8: 4 7 11
9: 4 7 10
10: 3 5 9
11: 2 6 8
12: 2 3 5

1: 2 3 4
2: 1 9 10
3: 1 4 12
4: 1 3 11
5: 6 9 11
6: 5 9 12
7: 8 10 12
8: 7 10 11
9: 2 5 6
10: 2 7 8
11: 4 5 8
12: 3 6 7

1: 2 3 4 5
2: 1 4 8 9
3: 1 5 10 12
4: 1 2 7 11
5: 1 3 11 12
6: 7 8 9 10
7: 4 6 8 12
8: 2 6 7 12
9: 2 6 10 11
10: 3 6 9 11
11: 4 5 9 10
12: 3 5 7 8

1: 2 3 4 5
2: 1 3 6 7
3: 1 2 8 9
4: 1 6 7 8
5: 1 6 7 9
6: 2 4 5 8
7: 2 4 5 9
8: 3 4 6 9
9: 3 5 7 8

1: 2 3 4 5 6
2: 1 3 4 7 9
3: 1 2 5 8 10
4: 1 2 7 8 10
5: 1 3 7 8 9
6: 1 7 8 9 10
7: 2 4 5 6 10
8: 3 4 5 6 9
9: 2 5 6 8 10
10: 3 4 6 7 9

1: 2 3 4
2: 1 12 14
3: 1 11 14
4: 1 10 13
5: 6 7 14
6: 5 10 12
7: 5 8 9
8: 7 12 13
9: 7 11 13
10: 4 6 11
11: 3 9 10
12: 2 6 8
13: 4 8 9
14: 2 3 5

1: 2 3 4 5
2: 1 4 7 9
3: 1 5 8 10
4: 1 2 5 9
5: 1 3 4 10
6: 7 8 9 10
7: 2 6 8 9
8: 3 6 7 10
9: 2 4 6 7
10: 3 5 6 8

1: 2 3 4 5
2: 1 6 10 11
3: 1 8 11 13
4: 1 9 12 13
5: 1 7 10 12
6: 2 7 8 12
7: 5 6 9 13
8: 3 6 9 10
9: 4 7 8 11
10: 2 5 8 13
11: 2 3 9 12
12: 4 5 6 11
13: 3 4 7 10

1: 2 3 4
2: 1 7 8
3: 1 4 9
4: 1 3 10
5: 6 7 9
6: 5 8 10
7: 2 5 9
8: 2 6 10
9: 3 5 7
10: 4 6 8

1: 2 3 4
2: 1 10 12
3: 1 11 12
4: 1 8 9
5: 6 7 12
6: 5 8 9
7: 5 10 11
8: 4 6 10
9: 4 6 11
10: 2 7 8
11: 3 7 9
12: 2 3 5

1: 2 3 4
2: 1 7 12
3: 1 8 10
4: 1 9 11
5: 8 11 12
6: 9 10 12
7: 2 8 9
8: 3 5 7
9: 4 6 7
10: 3 6 11
11: 4 5 10
12: 2 5 6

1: 2 3 4
2: 1 14 16
3: 1 15 16
4: 1 12 13
5: 12 13 16
6: 8 14 15
7: 9 14 15
8: 6 10 11
9: 7 10 11
10: 8 9 12
11: 8 9 13
12: 4 5 10
13: 4 5 11
14: 2 6 7
15: 3 6 7
16: 2 3 5

1: 2 3 4
2: 1 7 11
3: 1 8 12
4: 1 9 10
5: 7 10 12
6: 8 9 11
7: 2 5 8
8: 3 6 7
9: 4 6 12
10: 4 5 11
11: 2 6 10
12: 3 5 9

1: 2 3 4
2: 1 9 10
3: 1 11 14
4: 1 12 13
5: 6 10 14
6: 5 9 13
7: 8 11 13
8: 7 12 14
9: 2 6 11
10: 2 5 12
11: 3 7 9
12: 4 8 10
13: 4 6 7
14: 3 5 8

1: 2 3 4 5
2: 1 3 6 7
3: 1 2 6 7
4: 1 5 8 9
5: 1 4 8 9
6: 2 3 8 9
7: 2 3 8 9
8: 4 5 6 7
9: 4 5 6 7

1: 2 3 4 5
2: 1 4 9 10
3: 1 5 8 10
4: 1 2 6 8
5: 1 3 7 9
6: 4 7 8 10
7: 5 6 9 10
8: 3 4 6 9
9: 2 5 7 8
10: 2 3 6 7

1: 2 3 4 5
2: 1 7 8 9
3: 1 7 8 10
4: 1 7 9 10
5: 1 8 9 10
6: 7 8 9 10
7: 2 3 4 6
8: 2 3 5 6
9: 2 4 5 6
10: 3 4 5 6

1: 2 3 4
2: 1 5 6
3: 1 7 8
4: 1 9 10
5: 2 6 9
6: 2 5 10
7: 3 8 9
8: 3 7 10
9: 4 5 7
10: 4 6 8

1: 2 3 4
2: 1 7 10
3: 1 8 10
4: 1 9 10
5: 7 8 9
6: 7 8 9
7: 2 5 6
8: 3 5 6
9: 4 5 6
10: 2 3 4

1: 2 3 4
2: 1 11 12
3: 1 9 11
4: 1 10 12
5: 6 7 8
6: 5 10 12
7: 5 9 11
8: 5 9 10
9: 3 7 8
10: 4 6 8
11: 2 3 7
12: 2 4 6

1: 2 3 4 5 6
2: 1 3 6 9 10
3: 1 2 6 9 10
4: 1 5 6 11 12
5: 1 4 6 11 12
6: 1 2 3 4 5
7: 8 9 10 11 12
8: 7 9 10 11 12
9: 2 3 7 8 10
10: 2 3 7 8 9
11: 4 5 7 8 12
12: 4 5 7 8 11

1: 2 3 4 5 6 7
2: 1 3 4 8 9 11
3: 1 2 6 8 10 12
4: 1 2 7 9 10 12
5: 1 6 7 8 9 12
6: 1 3 5 9 10 11
7: 1 4 5 8 10 11
8: 2 3 5 7 11 12
9: 2 4 5 6 11 12
10: 3 4 6 7 11 12
11: 2 6 7 8 9 10
12: 3 4 5 8 9 10

1: 2 3 4 5
2: 1 8 9 12
3: 1 8 9 12
4: 1 10 11 12
5: 1 10 11 12
6: 8 9 10 11
7: 8 9 10 11
8: 2 3 6 7
9: 2 3 6 7
10: 4 5 6 7
11: 4 5 6 7
12: 2 3 4 5

1: 2 3 4 5
2: 1 8 9 10
3: 1 8 11 12
4: 1 5 9 12
5: 1 4 10 11
6: 7 8 9 12
7: 6 8 10 11
8: 2 3 6 7
9: 2 4 6 10
10: 2 5 7 9
11: 3 5 7 12
12: 3 4 6 11

1: 2 3 4 5 6
2: 1 8 9 10 11
3: 1 4 5 8 12
4: 1 3 6 9 12
5: 1 3 6 10 12
6: 1 4 5 11 12
7: 8 9 10 11 12
8: 2 3 7 9 10
9: 2 4 7 8 11
10: 2 5 7 8 11
11: 2 6 7 9 10
12: 3 4 5 6 7

1: 2 3 4 5
2: 1 3 7 11
3: 1 2 8 11
4: 1 5 9 12
5: 1 4 10 12
6: 7 8 9 10
7: 2 6 8 12
8: 3 6 7 12
9: 4 6 10 11
10: 5 6 9 11
11: 2 3 9 10
12: 4 5 7 8

1: 2 3 4 5
2: 1 8 9 12
3: 1 8 10 11
4: 1 5 9 11
5: 1 4 10 12
6: 7 8 9 11
7: 6 8 10 12
8: 2 3 6 7
9: 2 4 6 10
10: 3 5 7 9
11: 3 4 6 12
12: 2 5 7 11

1: 2 3 4 5
2: 1 8 11 12
3: 1 9 10 12
4: 1 7 8 10
5: 1 6 9 11
6: 5 8 10 12
7: 4 9 11 12
8: 2 4 6 9
9: 3 5 7 8
10: 3 4 6 11
11: 2 5 7 10
12: 2 3 6 7

1: 2 3 4 5 6 7
2: 1 3 4 7 9 10
3: 1 2 5 6 9 10
4: 1 2 5 8 9 11
5: 1 3 4 8 9 12
6: 1 3 7 8 10 12
7: 1 2 6 8 10 11
8: 4 5 6 7 11 12
9: 2 3 4 5 11 12
10: 2 3 6 7 11 12
11: 4 7 8 9 10 12
12: 5 6 8 9 10 11

1: 2 3 4 5 6
2: 1 3 4 5 6
3: 1 2 4 7 8
4: 1 2 3 7 8
5: 1 2 6 7 8
6: 1 2 5 7 8
7: 3 4 5 6 8
8: 3 4 5 6 7

1: 2 3 4 5
2: 1 3 4 6
3: 1 2 4 7
4: 1 2 3 8
5: 1 6 7 8
6: 2 5 7 8
7: 3 5 6 8
8: 4 5 6 7

1: 2 3 4 5
2: 1 3 6 7
3: 1 2 6 8
4: 1 5 7 9
5: 1 4 8 9
6: 2 3 7 8
7: 2 4 6 9
8: 3 5 6 9
9: 4 5 7 8

1: 2 3 4 5
2: 1 6 7 12
3: 1 5 8 10
4: 1 5 9 11
5: 1 3 4 12
6: 2 8 9 12
7: 2 10 11 12
8: 3 6 9 10
9: 4 6 8 11
10: 3 7 8 11
11: 4 7 9 10
12: 2 5 6 7

1: 2 3 4 5
2: 1 3 7 11
3: 1 2 8 12
4: 1 5 9 12
5: 1 4 10 11
6: 7 8 9 10
7: 2 6 9 11
8: 3 6 10 12
9: 4 6 7 12
10: 5 6 8 11
11: 2 5 7 10
12: 3 4 8 9

1: 2 3 4
2: 1 9 13
3: 1 10 14
4: 1 11 12
5: 8 9 13
6: 8 10 14
7: 8 11 12
8: 5 6 7
9: 2 5 10
10: 3 6 9
11: 4 7 14
12: 4 7 13
13: 2 5 12
14: 3 6 11

1: 2 3 4 5
2: 1 7 8 9
3: 1 5 8 10
4: 1 5 9 10
5: 1 3 4 10
6: 7 8 9 10
7: 2 6 8 9
8: 2 3 6 7
9: 2 4 6 7
10: 3 4 5 6

1: 2 3 4 5
2: 1 3 7 8
3: 1 2 7 9
4: 1 5 8 10
5: 1 4 9 10
6: 7 8 9 10
7: 2 3 6 8
8: 2 4 6 7
9: 3 5 6 10
10: 4 5 6 9

1: 2 3 4 5
2: 1 3 6 10
3: 1 2 8 11
4: 1 5 7 11
5: 1 4 9 10
6: 2 8 9 10
7: 4 8 9 11
8: 3 6 7 11
9: 5 6 7 10
10: 2 5 6 9
11: 3 4 7 8

1: 2 3 4 5
2: 1 4 9 11
3: 1 5 10 12
4: 1 2 5 11
5: 1 3 4 12
6: 7 8 10 12
7: 6 8 9 11
8: 6 7 9 10
9: 2 7 8 10
10: 3 6 8 9
11: 2 4 7 12
12: 3 5 6 11

1: 2 3 4 5
2: 1 9 11 12
3: 1 5 10 11
4: 1 5 8 12
5: 1 3 4 10
6: 7 8 9 10
7: 6 8 9 12
8: 4 6 7 12
9: 2 6 7 11
10: 3 5 6 11
11: 2 3 9 10
12: 2 4 7 8

1: 2 3 4 5
2: 1 8 9 13
3: 1 5 12 13
4: 1 5 10 11
5: 1 3 4 12
6: 7 8 9 13
7: 6 10 11 12
8: 2 6 9 13
9: 2 6 8 10
10: 4 7 9 11
11: 4 7 10 12
12: 3 5 7 11
13: 2 3 6 8

1: 2 3 4 5
2: 1 9 12 14
3: 1 5 10 14
4: 1 5 11 13
5: 1 3 4 13
6: 7 8 11 12
7: 6 8 9 12
8: 6 7 11 13
9: 2 7 10 14
10: 3 9 13 14
11: 4 6 8 12
12: 2 6 7 11
13: 4 5 8 10
14: 2 3 9 10

1: 2 3 4 5
2: 1 3 4 14
3: 1 2 5 12
4: 1 2 5 13
5: 1 3 4 11
6: 7 8 9 10
7: 6 8 9 11
8: 6 7 11 12
9: 6 7 11 13
10: 6 12 13 14
11: 5 7 8 9
12: 3 8 10 14
13: 4 9 10 14
14: 2 10 12 13

1: 2 3 4 5
2: 1 12 13 14
3: 1 5 14 15
4: 1 5 11 15
5: 1 3 4 15
6: 7 8 11 15
7: 6 8 10 11
8: 6 7 9 10
9: 8 12 13 14
10: 7 8 11 13
11: 4 6 7 10
12: 2 9 13 14
13: 2 9 10 12
14: 2 3 9 12
15: 3 4 5 6

1: 2 3 4 5
2: 1 11 12 16
3: 1 5 15 16
4: 1 5 13 14
5: 1 3 4 15
6: 7 11 12 16
7: 6 8 9 10
8: 7 9 12 13
9: 7 8 10 13
10: 7 9 14 15
11: 2 6 12 16
12: 2 6 8 11
13: 4 8 9 14
14: 4 10 13 15
15: 3 5 10 14
16: 2 3 6 11

1: 2 3 4 5
2: 1 4 14 16
3: 1 5 15 16
4: 1 2 12 14
5: 1 3 13 15
6: 7 8 9 10
7: 6 10 11 12
8: 6 9 11 13
9: 6 8 13 15
10: 6 7 12 14
11: 7 8 12 13
12: 4 7 10 11
13: 5 8 9 11
14: 2 4 10 16
15: 3 5 9 16
16: 2 3 14 15

1: 2 3 4 5 6 7
2: 1 3 4 6 7 8
3: 1 2 5 6 7 9
4: 1 2 5 7 8 9
5: 1 3 4 6 8 9
6: 1 2 3 5 8 9
7: 1 2 3 4 8 9
8: 2 4 5 6 7 9
9: 3 4 5 6 7 8

1: 2 3 4 5 6
2: 1 3 4 7 8
3: 1 2 5 7 9
4: 1 2 5 8 10
5: 1 3 4 9 10
6: 1 7 8 9 10
7: 2 3 6 8 9
8: 2 4 6 7 10
9: 3 5 6 7 10
10: 4 5 6 8 9

1: 2 3 4
2: 1 5 6
3: 1 4 7
4: 1 3 8
5: 2 6 7
6: 2 5 8
7: 3 5 8
8: 4 6 7

1: 2 3 4
2: 1 4 7
3: 1 4 8
4: 1 2 3
5: 6 7 8
6: 5 7 8
7: 2 5 6
8: 3 5 6

1: 2 3 4 5 6
2: 1 4 5 13 15
3: 1 4 6 14 16
4: 1 2 3 13 14
5: 1 2 6 11 15
6: 1 3 5 12 16
7: 8 9 10 13 14
8: 7 10 11 13 15
9: 7 10 12 14 16
10: 7 8 9 11 12
11: 5 8 10 12 15
12: 6 9 10 11 16
13: 2 4 7 8 15
14: 3 4 7 9 16
15: 2 5 8 11 13
16: 3 6 9 12 14

1: 2 3 4
2: 1 9 10
3: 1 4 12
4: 1 3 11
5: 6 11 12
6: 5 7 8
7: 6 8 9
8: 6 7 10
9: 2 7 11
10: 2 8 12
11: 4 5 9
12: 3 5 10

1: 2 3 4 5 6
2: 1 4 5 6 7
3: 1 4 5 6 8
4: 1 2 3 7 8
5: 1 2 3 7 8
6: 1 2 3 7 8
7: 2 4 5 6 8
8: 3 4 5 6 7

1: 2 3 4 5
2: 1 3 4 6
3: 1 2 5 7
4: 1 2 7 8
5: 1 3 6 8
6: 2 5 7 8
7: 3 4 6 8
8: 4 5 6 7

1: 2 3 4 5 6
2: 1 3 4 6 7
3: 1 2 5 6 8
4: 1 2 5 7 8
5: 1 3 4 7 8
6: 1 2 3 7 8
7: 2 4 5 6 8
8: 3 4 5 6 7

1: 2 3 4
2: 1 9 10
3: 1 7 9
4: 1 8 10
5: 6 8 10
6: 5 7 9
7: 3 6 8
8: 4 5 7
9: 2 3 6
10: 2 4 5

1: 2 3 4
2: 1 9 10
3: 1 7 9
4: 1 8 10
5: 7 8 10
6: 7 8 9
7: 3 5 6
8: 4 5 6
9: 2 3 6
10: 2 4 5

1: 2 3 4
2: 1 11 12
3: 1 10 12
4: 1 9 11
5: 6 7 10
6: 5 8 9
7: 5 9 11
8: 6 10 12
9: 4 6 7
10: 3 5 8
11: 2 4 7
12: 2 3 8

1: 2 3 4
2: 1 13 14
3: 1 12 14
4: 1 11 13
5: 7 9 10
6: 8 9 10
7: 5 11 13
8: 6 12 14
9: 5 6 12
10: 5 6 11
11: 4 7 10
12: 3 8 9
13: 2 4 7
14: 2 3 8

1: 2 3 4
2: 1 13 14
3: 1 12 14
4: 1 11 13
5: 6 8 9
6: 5 7 10
7: 6 8 12
8: 5 7 11
9: 5 11 13
10: 6 12 14
11: 4 8 9
12: 3 7 10
13: 2 4 9
14: 2 3 10

1: 2 3 4
2: 1 15 16
3: 1 14 16
4: 1 13 15
5: 6 7 10
6: 5 8 9
7: 5 9 11
8: 6 10 12
9: 6 7 14
10: 5 8 13
11: 7 14 16
12: 8 13 15
13: 4 10 12
14: 3 9 11
15: 2 4 12
16: 2 3 11

1: 2 3 4
2: 1 11 12
3: 1 11 12
4: 1 9 10
5: 6 7 9
6: 5 8 9
7: 5 10 11
8: 6 10 12
9: 4 5 6
10: 4 7 8
11: 2 3 7
12: 2 3 8

1: 2 3 4
2: 1 10 12
3: 1 11 12
4: 1 8 9
5: 6 7 9
6: 5 10 11
7: 5 10 11
8: 4 9 12
9: 4 5 8
10: 2 6 7
11: 3 6 7
12: 2 3 8

1: 2 3 4
2: 1 9 12
3: 1 10 12
4: 1 11 12
5: 7 8 9
6: 7 8 9
7: 5 6 10
8: 5 6 11
9: 2 5 6
10: 3 7 11
11: 4 8 10
12: 2 3 4

1: 2 3 4
2: 1 11 12
3: 1 11 12
4: 1 9 10
5: 6 11 12
6: 5 7 8
7: 6 9 10
8: 6 9 10
9: 4 7 8
10: 4 7 8
11: 2 3 5
12: 2 3 5

1: 2 3 4
2: 1 11 13
3: 1 12 14
4: 1 15 16
5: 7 8 15
6: 9 10 16
7: 5 11 12
8: 5 13 14
9: 6 11 14
10: 6 12 13
11: 2 7 9
12: 3 7 10
13: 2 8 10
14: 3 8 9
15: 4 5 16
16: 4 6 15

1: 2 3 4
2: 1 13 14
3: 1 4 15
4: 1 3 16
5: 7 8 15
6: 7 8 16
7: 5 6 10
8: 5 6 10
9: 12 15 16
10: 7 8 11
11: 10 13 14
12: 9 13 14
13: 2 11 12
14: 2 11 12
15: 3 5 9
16: 4 6 9

1: 2 3 4
2: 1 14 16
3: 1 15 16
4: 1 12 13
5: 6 7 16
6: 5 9 11
7: 5 10 11
8: 11 14 15
9: 6 12 13
10: 7 12 13
11: 6 7 8
12: 4 9 10
13: 4 9 10
14: 2 8 15
15: 3 8 14
16: 2 3 5

1: 2 3 4
2: 1 13 14
3: 1 4 15
4: 1 3 16
5: 7 15 16
6: 8 15 16
7: 5 9 10
8: 6 9 10
9: 7 8 11
10: 7 8 12
11: 9 13 14
12: 10 13 14
13: 2 11 12
14: 2 11 12
15: 3 5 6
16: 4 5 6

1: 2 3 4
2: 1 11 12
3: 1 15 16
4: 1 13 14
5: 7 8 9
6: 7 8 10
7: 5 6 13
8: 5 6 14
9: 5 11 12
10: 6 11 12
11: 2 9 10
12: 2 9 10
13: 4 7 15
14: 4 8 16
15: 3 13 16
16: 3 14 15

1: 2 3 4
2: 1 15 16
3: 1 15 16
4: 1 13 14
5: 7 8 15
6: 7 8 16
7: 5 6 9
8: 5 6 10
9: 7 10 11
10: 8 9 12
11: 9 13 14
12: 10 13 14
13: 4 11 12
14: 4 11 12
15: 2 3 5
16: 2 3 6

1: 2 3 4
2: 1 5 6
3: 1 4 7
4: 1 3 8
5: 2 7 8
6: 2 7 8
7: 3 5 6
8: 4 5 6

1: 2 3 4 5
2: 1 5 8 9
3: 1 4 10 11
4: 1 3 13 14
5: 1 2 12 15
6: 8 10 14 15
7: 9 11 12 13
8: 2 6 9 10
9: 2 7 8 13
10: 3 6 8 11
11: 3 7 10 12
12: 5 7 11 15
13: 4 7 9 14
14: 4 6 13 15
15: 5 6 12 14

1: 2 3 4 5 6
2: 1 3 4 5 6
3: 1 2 4 7 8
4: 1 2 3 7 8
5: 1 2 6 9 10
6: 1 2 5 9 10
7: 3 4 8 9 10
8: 3 4 7 9 10
9: 5 6 7 8 10
10: 5 6 7 8 9

1: 2 3 4 5
2: 1 6 7 10
3: 1 6 7 10
4: 1 8 9 10
5: 1 8 9 10
6: 2 3 8 9
7: 2 3 8 9
8: 4 5 6 7
9: 4 5 6 7
10: 2 3 4 5

1: 2 3 4 5 6
2: 1 7 9 11 12
3: 1 5 7 11 12
4: 1 6 8 10 12
5: 1 3 6 10 12
6: 1 4 5 8 9
7: 2 3 8 9 12
8: 4 6 7 10 11
9: 2 6 7 10 11
10: 4 5 8 9 11
11: 2 3 8 9 10
12: 2 3 4 5 7

1: 2 3 4 5 6
2: 1 7 9 10 11
3: 1 4 5 8 12
4: 1 3 6 11 12
5: 1 3 6 10 12
6: 1 4 5 9 12
7: 2 8 9 11 12
8: 3 7 9 10 11
9: 2 6 7 8 10
10: 2 5 8 9 11
11: 2 4 7 8 10
12: 3 4 5 6 7

1: 2 3 4
2: 1 8 10
3: 1 9 10
4: 1 6 7
5: 6 8 9
6: 4 5 10
7: 4 8 9
8: 2 5 7
9: 3 5 7
10: 2 3 6

1: 2 3 4
2: 1 9 10
3: 1 8 10
4: 1 6 7
5: 6 7 9
6: 4 5 10
7: 4 5 8
8: 3 7 9
9: 2 5 8
10: 2 3 6

1: 2 3 4 5
2: 1 4 5 9
3: 1 4 5 10
4: 1 2 3 5
5: 1 2 3 4
6: 7 8 9 10
7: 6 8 9 10
8: 6 7 9 10
9: 2 6 7 8
10: 3 6 7 8

1: 2 3 4 5
2: 1 8 9 10
3: 1 4 5 11
4: 1 3 5 11
5: 1 3 4 11
6: 7 8 9 11
7: 6 8 9 10
8: 2 6 7 10
9: 2 6 7 10
10: 2 7 8 9
11: 3 4 5 6

1: 2 3 4 5
2: 1 5 11 12
3: 1 4 10 11
4: 1 3 5 12
5: 1 2 4 12
6: 7 8 9 10
7: 6 8 9 10
8: 6 7 9 10
9: 6 7 8 11
10: 3 6 7 8
11: 2 3 9 12
12: 2 4 5 11

1: 2 3 4 5
2: 1 3 4 13
3: 1 2 5 13
4: 1 2 5 11
5: 1 3 4 12
6: 7 8 9 10
7: 6 8 9 10
8: 6 7 9 10
9: 6 7 8 12
10: 6 7 8 11
11: 4 10 12 13
12: 5 9 11 13
13: 2 3 11 12

1: 2 3 4
2: 1 6 10
3: 1 8 10
4: 1 7 9
5: 7 8 9
6: 2 7 10
7: 4 5 6
8: 3 5 9
9: 4 5 8
10: 2 3 6

1: 2 3 4
2: 1 7 8
3: 1 4 10
4: 1 3 9
5: 6 7 9
6: 5 8 10
7: 2 5 8
8: 2 6 7
9: 4 5 10
10: 3 6 9

1: 2 3 4
2: 1 11 12
3: 1 4 12
4: 1 3 10
5: 6 7 12
6: 5 7 10
7: 5 6 8
8: 7 9 11
9: 8 10 11
10: 4 6 9
11: 2 8 9
12: 2 3 5

1: 2 3 4
2: 1 8 12
3: 1 9 12
4: 1 10 11
5: 8 9 10
6: 7 9 11
7: 6 10 11
8: 2 5 12
9: 3 5 6
10: 4 5 7
11: 4 6 7
12: 2 3 8

1: 2 3 4
2: 1 8 12
3: 1 9 12
4: 1 10 11
5: 6 8 9
6: 5 7 11
7: 6 10 11
8: 2 5 12
9: 3 5 10
10: 4 7 9
11: 4 6 7
12: 2 3 8

1: 2 3 4
2: 1 10 12
3: 1 4 12
4: 1 3 11
5: 6 7 12
6: 5 7 9
7: 5 6 8
8: 7 9 11
9: 6 8 10
10: 2 9 11
11: 4 8 10
12: 2 3 5

1: 2 3 4
2: 1 11 12
3: 1 10 12
4: 1 9 11
5: 6 7 9
6: 5 8 10
7: 5 9 11
8: 6 10 12
9: 4 5 7
10: 3 6 8
11: 2 4 7
12: 2 3 8

1: 2 3 4
2: 1 11 12
3: 1 9 14
4: 1 10 13
5: 8 11 14
6: 7 8 12
7: 6 8 13
8: 5 6 7
9: 3 10 14
10: 4 9 13
11: 2 5 12
12: 2 6 11
13: 4 7 10
14: 3 5 9

1: 2 3 4
2: 1 12 14
3: 1 4 14
4: 1 3 13
5: 6 7 14
6: 5 7 11
7: 5 6 10
8: 9 11 12
9: 8 10 11
10: 7 9 13
11: 6 8 9
12: 2 8 13
13: 4 10 12
14: 2 3 5

1: 2 3 4
2: 1 13 14
3: 1 10 14
4: 1 11 12
5: 8 9 13
6: 7 10 12
7: 6 8 12
8: 5 7 9
9: 5 8 11
10: 3 6 14
11: 4 9 13
12: 4 6 7
13: 2 5 11
14: 2 3 10

1: 2 3 4
2: 1 11 12
3: 1 4 14
4: 1 3 13
5: 6 10 14
6: 5 9 10
7: 8 9 13
8: 7 12 13
9: 6 7 12
10: 5 6 11
11: 2 10 14
12: 2 8 9
13: 4 7 8
14: 3 5 11

1: 2 3 4 5 6 7
2: 1 3 4 5 7 9
3: 1 2 4 5 6 8
4: 1 2 3 6 8 10
5: 1 2 3 7 9 11
6: 1 3 4 8 10 11
7: 1 2 5 9 10 11
8: 3 4 6 9 10 11
9: 2 5 7 8 10 11
10: 4 6 7 8 9 11
11: 5 6 7 8 9 10

1: 2 3 4
2: 1 10 12
3: 1 11 12
4: 1 8 9
5: 6 7 12
6: 5 8 10
7: 5 9 11
8: 4 6 10
9: 4 7 11
10: 2 6 8
11: 3 7 9
12: 2 3 5

1: 2 3 4 5
2: 1 4 12 16
3: 1 5 11 15
4: 1 2 9 13
5: 1 3 10 14
6: 8 11 13 16
7: 8 12 14 15
8: 6 7 15 16
9: 4 10 13 15
10: 5 9 14 16
11: 3 6 12 13
12: 2 7 11 14
13: 4 6 9 11
14: 5 7 10 12
15: 3 7 8 9
16: 2 6 8 10

1: 2 3 4 5
2: 1 3 8 15
3: 1 2 11 12
4: 1 5 9 13
5: 1 4 10 14
6: 7 11 13 15
7: 6 12 14 15
8: 2 9 10 15
9: 4 8 12 13
10: 5 8 11 14
11: 3 6 10 13
12: 3 7 9 14
13: 4 6 9 11
14: 5 7 10 12
15: 2 6 7 8

1: 2 3 4 5
2: 1 9 11 12
3: 1 5 10 11
4: 1 5 8 12
5: 1 3 4 10
6: 7 9 10 11
7: 6 8 9 12
8: 4 7 10 12
9: 2 6 7 11
10: 3 5 6 8
11: 2 3 6 9
12: 2 4 7 8

1: 2 3 4 5
2: 1 6 7 9
3: 1 6 8 9
4: 1 6 7 8
5: 1 6 7 8
6: 2 3 4 5
7: 2 4 5 9
8: 3 4 5 9
9: 2 3 7 8

1: 2 3 4 5
2: 1 6 8 10
3: 1 7 9 11
4: 1 9 10 11
5: 1 8 10 11
6: 2 7 9 11
7: 3 6 8 10
8: 2 5 7 9
9: 3 4 6 8
10: 2 4 5 7
11: 3 4 5 6

1: 2 3 4
2: 1 11 12
3: 1 4 14
4: 1 3 13
5: 6 13 14
6: 5 9 10
7: 9 11 13
8: 10 12 14
9: 6 7 11
10: 6 8 12
11: 2 7 9
12: 2 8 10
13: 4 5 7
14: 3 5 8

1: 2 3 4 5
2: 1 3 10 14
3: 1 2 12 15
4: 1 5 11 15
5: 1 4 13 14
6: 7 8 10 13
7: 6 9 10 12
8: 6 9 11 13
9: 7 8 11 12
10: 2 6 7 14
11: 4 8 9 15
12: 3 7 9 15
13: 5 6 8 14
14: 2 5 10 13
15: 3 4 11 12

1: 2 3 4
2: 1 10 14
3: 1 11 13
4: 1 9 12
5: 8 13 14
6: 7 12 14
7: 6 8 10
8: 5 7 11
9: 4 10 11
10: 2 7 9
11: 3 8 9
12: 4 6 13
13: 3 5 12
14: 2 5 6

1: 2 3 4
2: 1 14 16
3: 1 12 13
4: 1 11 15
5: 6 7 8
6: 5 10 11
7: 5 9 12
8: 5 13 14
9: 7 11 16
10: 6 12 15
11: 4 6 9
12: 3 7 10
13: 3 8 16
14: 2 8 15
15: 4 10 14
16: 2 9 13