1: 2 3 4 5 6 7
2: 1 3 4 5 6 7
3: 1 2 4 5 6 7
4: 1 2 3 5 6 7
5: 1 2 3 4 6 7
6: 1 2 3 4 5 7
7: 1 2 3 4 5 6

1: 2 3 4
2: 1 3 4
3: 1 2 4
4: 1 2 3

1: 2 3 4
2: 1 5 6
3: 1 5 6
4: 1 5 6
5: 2 3 4
6: 2 3 4

1: 2 3 4 5
2: 1 3 4 6
3: 1 2 5 7
4: 1 2 6 8
5: 1 3 7 8
6: 2 4 7 8
7: 3 5 6 8
8: 4 5 6 7

1: 2 3 4 5 6 7
2: 1 3 4 5 6 8
3: 1 2 4 5 7 8
4: 1 2 3 6 7 8
5: 1 2 3 6 7 8
6: 1 2 4 5 7 8
7: 1 3 4 5 6 8
8: 2 3 4 5 6 7

1: 2 3 4 5
2: 1 3 4 6
3: 1 2 5 6
4: 1 2 5 6
5: 1 3 4 6
6: 2 3 4 5

1: 2 3 4 5 6
2: 1 3 4 5 6
3: 1 2 4 5 6
4: 1 2 3 5 6
5: 1 2 3 4 6
6: 1 2 3 4 5

1: 2 3 4 5
2: 1 3 7 8
3: 1 2 6 9
4: 1 6 7 8
5: 1 6 7 9
6: 3 4 5 8
7: 2 4 5 9
8: 2 4 6 9
9: 3 5 7 8

1: 2 3 4 5 6 7
2: 1 3 4 5 8 9
3: 1 2 6 7 8 9
4: 1 2 6 7 8 9
5: 1 2 6 7 8 9
6: 1 3 4 5 8 9
7: 1 3 4 5 8 9
8: 2 3 4 5 6 7
9: 2 3 4 5 6 7

1: 2 3 4 5
2: 1 3 4 5
3: 1 2 4 5
4: 1 2 3 5
5: 1 2 3 4

1: 2 3 4 5
2: 1 6 7 8
3: 1 6 7 8
4: 1 6 7 8
5: 1 6 7 8
6: 2 3 4 5
7: 2 3 4 5
8: 2 3 4 5

1: 2 3 4 5
2: 1 3 4 6
3: 1 2 5 7
4: 1 2 6 7
5: 1 3 6 7
6: 2 4 5 7
7: 3 4 5 6

1: 2 3 4 5
2: 1 3 4 5
3: 1 2 6 7
4: 1 2 6 7
5: 1 2 6 7
6: 3 4 5 7
7: 3 4 5 6

1: 2 3 4 5 6
2: 1 3 4 8 9
3: 1 2 5 8 10
4: 1 2 6 9 11
5: 1 3 6 10 12
6: 1 4 5 11 12
7: 8 9 10 11 12
8: 2 3 7 9 10
9: 2 4 7 8 11
10: 3 5 7 8 12
11: 4 6 7 9 12
12: 5 6 7 10 11

1: 2 3 4 5 6 7
2: 1 3 4 8 9 10
3: 1 2 6 10 13 15
4: 1 2 7 9 14 16
5: 1 6 7 8 11 12
6: 1 3 5 12 13 14
7: 1 4 5 11 15 16
8: 2 5 9 10 11 12
9: 2 4 8 11 13 14
10: 2 3 8 12 15 16
11: 5 7 8 9 13 15
12: 5 6 8 10 14 16
13: 3 6 9 11 14 15
14: 4 6 9 12 13 16
15: 3 7 10 11 13 16
16: 4 7 10 12 14 15

1: 2 3 4 5
2: 1 3 6 7
3: 1 2 8 9
4: 1 5 6 8
5: 1 4 7 9
6: 2 4 7 8
7: 2 5 6 9
8: 3 4 6 9
9: 3 5 7 8

1: 2 3 4 5
2: 1 3 6 7
3: 1 2 8 9
4: 1 6 7 8
5: 1 6 7 9
6: 2 4 5 8
7: 2 4 5 9
8: 3 4 6 9
9: 3 5 7 8

1: 2 3 4 5 6
2: 1 3 4 7 9
3: 1 2 5 8 10
4: 1 2 7 8 10
5: 1 3 7 8 9
6: 1 7 8 9 10
7: 2 4 5 6 10
8: 3 4 5 6 9
9: 2 5 6 8 10
10: 3 4 6 7 9

1: 2 3 4 5
2: 1 6 10 11
3: 1 8 11 13
4: 1 9 12 13
5: 1 7 10 12
6: 2 7 8 12
7: 5 6 9 13
8: 3 6 9 10
9: 4 7 8 11
10: 2 5 8 13
11: 2 3 9 12
12: 4 5 6 11
13: 3 4 7 10

1: 2 3 4 5
2: 1 4 9 10
3: 1 5 8 10
4: 1 2 6 8
5: 1 3 7 9
6: 4 7 8 10
7: 5 6 9 10
8: 3 4 6 9
9: 2 5 7 8
10: 2 3 6 7

1: 2 3 4 5
2: 1 7 8 9
3: 1 7 8 10
4: 1 7 9 10
5: 1 8 9 10
6: 7 8 9 10
7: 2 3 4 6
8: 2 3 5 6
9: 2 4 5 6
10: 3 4 5 6

1: 2 3 4 5 6 7
2: 1 3 4 8 9 11
3: 1 2 6 8 10 12
4: 1 2 7 9 10 12
5: 1 6 7 8 9 12
6: 1 3 5 9 10 11
7: 1 4 5 8 10 11
8: 2 3 5 7 11 12
9: 2 4 5 6 11 12
10: 3 4 6 7 11 12
11: 2 6 7 8 9 10
12: 3 4 5 8 9 10

1: 2 3 4 5
2: 1 8 11 12
3: 1 9 10 12
4: 1 7 8 10
5: 1 6 9 11
6: 5 8 10 12
7: 4 9 11 12
8: 2 4 6 9
9: 3 5 7 8
10: 3 4 6 11
11: 2 5 7 10
12: 2 3 6 7

1: 2 3 4 5 6 7
2: 1 3 4 7 9 10
3: 1 2 5 6 9 10
4: 1 2 5 8 9 11
5: 1 3 4 8 9 12
6: 1 3 7 8 10 12
7: 1 2 6 8 10 11
8: 4 5 6 7 11 12
9: 2 3 4 5 11 12
10: 2 3 6 7 11 12
11: 4 7 8 9 10 12
12: 5 6 8 9 10 11

1: 2 3 4 5 6
2: 1 3 4 5 6
3: 1 2 4 7 8
4: 1 2 3 7 8
5: 1 2 6 7 8
6: 1 2 5 7 8
7: 3 4 5 6 8
8: 3 4 5 6 7

1: 2 3 4 5 6 7
2: 1 3 4 6 7 8
3: 1 2 5 6 7 9
4: 1 2 5 7 8 9
5: 1 3 4 6 8 9
6: 1 2 3 5 8 9
7: 1 2 3 4 8 9
8: 2 4 5 6 7 9
9: 3 4 5 6 7 8

1: 2 3 4 5 6
2: 1 3 4 7 8
3: 1 2 5 7 9
4: 1 2 5 8 10
5: 1 3 4 9 10
6: 1 7 8 9 10
7: 2 3 6 8 9
8: 2 4 6 7 10
9: 3 5 6 7 10
10: 4 5 6 8 9

1: 2 3 4 5 6
2: 1 4 5 6 7
3: 1 4 5 6 8
4: 1 2 3 7 8
5: 1 2 3 7 8
6: 1 2 3 7 8
7: 2 4 5 6 8
8: 3 4 5 6 7

1: 2 3 4 5
2: 1 3 4 6
3: 1 2 5 7
4: 1 2 7 8
5: 1 3 6 8
6: 2 5 7 8
7: 3 4 6 8
8: 4 5 6 7

1: 2 3 4 5 6
2: 1 3 4 6 7
3: 1 2 5 6 8
4: 1 2 5 7 8
5: 1 3 4 7 8
6: 1 2 3 7 8
7: 2 4 5 6 8
8: 3 4 5 6 7

1: 2 3 4 5 6
2: 1 3 4 5 6
3: 1 2 4 7 8
4: 1 2 3 7 8
5: 1 2 6 9 10
6: 1 2 5 9 10
7: 3 4 8 9 10
8: 3 4 7 9 10
9: 5 6 7 8 10
10: 5 6 7 8 9

1: 2 3 4 5
2: 1 6 7 10
3: 1 6 7 10
4: 1 8 9 10
5: 1 8 9 10
6: 2 3 8 9
7: 2 3 8 9
8: 4 5 6 7
9: 4 5 6 7
10: 2 3 4 5

1: 2 3 4 5 6
2: 1 7 9 11 12
3: 1 5 7 11 12
4: 1 6 8 10 12
5: 1 3 6 10 12
6: 1 4 5 8 9
7: 2 3 8 9 12
8: 4 6 7 10 11
9: 2 6 7 10 11
10: 4 5 8 9 11
11: 2 3 8 9 10
12: 2 3 4 5 7

1: 2 3 4 5 6 7
2: 1 3 4 5 7 9
3: 1 2 4 5 6 8
4: 1 2 3 6 8 10
5: 1 2 3 7 9 11
6: 1 3 4 8 10 11
7: 1 2 5 9 10 11
8: 3 4 6 9 10 11
9: 2 5 7 8 10 11
10: 4 6 7 8 9 11
11: 5 6 7 8 9 10

1: 2 3 4 5
2: 1 6 7 9
3: 1 6 8 9
4: 1 6 7 8
5: 1 6 7 8
6: 2 3 4 5
7: 2 4 5 9
8: 3 4 5 9
9: 2 3 7 8

1: 2 3 4 5
2: 1 6 8 10
3: 1 7 9 11
4: 1 9 10 11
5: 1 8 10 11
6: 2 7 9 11
7: 3 6 8 10
8: 2 5 7 9
9: 3 4 6 8
10: 2 4 5 7
11: 3 4 5 6